' ||| _DROP_ ||| 0.167 0.500 0.167 0.500 2.718 ||| 0-0 ||| 1 1 1
' ||| ء ||| 0.167 0.500 0.167 0.500 2.718 ||| 0-0 ||| 1 1 1
' ||| آ ||| 0.167 0.500 0.167 0.500 2.718 ||| 0-0 ||| 1 1 1
' ||| أ ||| 0.167 0.500 0.167 0.500 2.718 ||| 0-0 ||| 1 1 1
' ||| ؤ ||| 0.167 0.500 0.167 0.500 2.718 ||| 0-0 ||| 1 1 1
' ||| إ ||| 0.167 0.500 0.167 0.500 2.718 ||| 0-0 ||| 1 1 1
' ||| ئ ||| 0.167 0.500 0.167 0.500 2.718 ||| 0-0 ||| 1 1 1
2 ||| _DROP_ ||| 0.167 0.500 0.167 0.500 2.718 ||| 0-0 ||| 1 1 1
2 ||| ء ||| 0.143 0.500 0.143 0.500 2.718 ||| 0-0 ||| 1 1 1
2 ||| ا ||| 0.143 0.500 0.143 0.500 2.718 ||| 0-0 ||| 1 1 1
2 ||| آ ||| 0.143 0.500 0.143 0.500 2.718 ||| 0-0 ||| 1 1 1
2 ||| أ ||| 0.143 0.500 0.143 0.500 2.718 ||| 0-0 ||| 1 1 1
2 ||| ؤ ||| 0.143 0.500 0.143 0.500 2.718 ||| 0-0 ||| 1 1 1
2 ||| إ ||| 0.143 0.500 0.143 0.500 2.718 ||| 0-0 ||| 1 1 1
2 ||| ئ ||| 0.143 0.500 0.143 0.500 2.718 ||| 0-0 ||| 1 1 1
2 ||| ق ||| 0.143 0.200 0.143 0.200 2.718 ||| 0-0 ||| 1 1 1
3 ' ||| غ ||| 1.000 0.500 1.000 0.500 2.718 ||| 0-0 ||| 1 1 1
3 ||| ع ||| 1.000 1.000 1.000 1.000 2.718 ||| 0-0 ||| 1 1 1
5 ||| خ ||| 1.000 0.333 1.000 0.333 2.718 ||| 0-0 ||| 1 1 1
6 ' ||| ظ ||| 1.000 0.250 1.000 0.250 2.718 ||| 0-0 ||| 1 1 1
6 ||| ط ||| 1.000 0.500 1.000 0.500 2.718 ||| 0-0 ||| 1 1 1
7 ' ||| خ ||| 1.000 0.333 1.000 0.333 2.718 ||| 0-0 ||| 1 1 1
7 ||| ح ||| 1.000 1.000 1.000 1.000 2.718 ||| 0-0 ||| 1 1 1
8 ||| ق ||| 1.000 0.200 1.000 0.200 2.718 ||| 0-0 ||| 1 1 1
9 ' ||| ض ||| 1.000 0.500 1.000 0.500 2.718 ||| 0-0 ||| 1 1 1
9 ||| ص ||| 0.500 0.500 0.500 0.500 2.718 ||| 0-0 ||| 1 1 1
9 ||| ق ||| 0.500 0.200 0.500 0.200 2.718 ||| 0-0 ||| 1 1 1
SEP ||| SEP ||| 1.0 1.0 1.0 1.0 2.718 ||| 0-0 ||| 1 1 1
a a ||| ا ||| 0.500 0.250 0.500 0.250 2.718 ||| 0-0 ||| 1 1 1
a a ||| آ ||| 0.500 0.250 0.500 0.250 2.718 ||| 0-0 ||| 1 1 1
a a ||| ع ||| 0.500 0.250 0.500 0.250 2.718 ||| 0-0 ||| 1 1 1
a h ||| ة ||| 0.500 0.250 0.500 0.250 2.718 ||| 0-0 ||| 1 1 1
a h ||| ه ||| 0.500 0.200 0.500 0.200 2.718 ||| 0-0 ||| 1 1 1
a h ||| ح ||| 0.500 0.200 0.500 0.200 2.718 ||| 0-0 ||| 1 1 1
a i ||| ى ||| 0.500 0.167 0.500 0.167 2.718 ||| 0-0 ||| 1 1 1
a i ||| ي ||| 0.500 0.167 0.500 0.167 2.718 ||| 0-0 ||| 1 1 1
a i ||| _DROP_ ||| 0.167 0.500 0.167 0.500 2.718 ||| 0-0 ||| 1 1 1
a ||| _DROP_ ||| 0.167 0.500 0.167 0.500 2.718 ||| 0-0 ||| 1 1 1
a ||| ا ||| 0.200 0.250 0.200 0.250 2.718 ||| 0-0 ||| 1 1 1
a ||| آ ||| 0.500 0.250 0.500 0.250 2.718 ||| 0-0 ||| 1 1 1
a ||| ة ||| 0.200 0.250 0.200 0.250 2.718 ||| 0-0 ||| 1 1 1
a ||| ى ||| 0.200 0.167 0.200 0.167 2.718 ||| 0-0 ||| 1 1 1
b ||| ب ||| 1.000 0.500 1.000 0.500 2.718 ||| 0-0 ||| 1 1 1
c h ||| ش ||| 1.000 0.500 1.000 0.500 2.718 ||| 0-0 ||| 1 1 1
c ||| ك ||| 1.000 0.500 1.000 0.500 2.718 ||| 0-0 ||| 1 1 1
d h ||| ذ ||| 0.500 0.333 0.500 0.333 2.718 ||| 0-0 ||| 1 1 1
d h ||| ظ ||| 0.500 0.250 0.500 0.250 2.718 ||| 0-0 ||| 1 1 1
d j ||| ج ||| 1.000 0.333 1.000 0.333 2.718 ||| 0-0 ||| 1 1 1
d ||| د ||| 0.500 1.000 0.500 1.000 2.718 ||| 0-0 ||| 1 1 1
d ||| ذ ||| 0.500 1.000 0.500 1.000 2.718 ||| 0-0 ||| 1 1 1
d ||| ض ||| 0.500 0.500 0.500 0.500 2.718 ||| 0-0 ||| 1 1 1
e e ||| ى ||| 0.500 0.167 0.500 0.167 2.718 ||| 0-0 ||| 1 1 1
e e ||| ي ||| 0.500 0.167 0.500 0.167 2.718 ||| 0-0 ||| 1 1 1
e e ||| _DROP_ ||| 0.167 0.500 0.167 0.500 2.718 ||| 0-0 ||| 1 1 1
e h ||| ة ||| 0.500 0.250 0.500 0.250 2.718 ||| 0-0 ||| 1 1 1
e h ||| ه ||| 0.500 0.200 0.500 0.200 2.718 ||| 0-0 ||| 1 1 1
e i ||| ى ||| 0.500 0.167 0.500 0.167 2.718 ||| 0-0 ||| 1 1 1
e i ||| ي ||| 0.500 0.167 0.500 0.167 2.718 ||| 0-0 ||| 1 1 1
e i ||| _DROP_ ||| 0.167 0.500 0.167 0.500 2.718 ||| 0-0 ||| 1 1 1
e ||| _DROP_ ||| 0.167 0.500 0.167 0.500 2.718 ||| 0-0 ||| 1 1 1
e ||| ا ||| 0.333 0.250 0.333 0.250 2.718 ||| 0-0 ||| 1 1 1
e ||| ة ||| 0.333 0.250 0.333 0.250 2.718 ||| 0-0 ||| 1 1 1
e ||| ه ||| 0.333 0.200 0.333 0.200 2.718 ||| 0-0 ||| 1 1 1
f ||| ف ||| 1.000 0.500 1.000 0.500 2.718 ||| 0-0 ||| 1 1 1
g u ||| ك ||| 0.333 0.500 0.333 0.500 2.718 ||| 0-0 ||| 1 1 1
g h ||| غ ||| 1.000 0.500 1.000 0.500 2.718 ||| 0-0 ||| 1 1 1
g a ||| غ ||| 1.000 0.500 1.000 0.500 2.718 ||| 0-0 ||| 1 1 1
g ||| ج ||| 0.333 0.333 0.333 0.333 2.718 ||| 0-0 ||| 1 1 1
g ||| غ ||| 0.333 0.500 0.333 0.500 2.718 ||| 0-0 ||| 1 1 1
g ||| ق ||| 0.333 0.200 0.333 0.200 2.718 ||| 0-0 ||| 1 1 1
h ||| ه ||| 1.000 0.200 1.000 0.200 2.718 ||| 0-0 ||| 1 1 1
h ||| ح ||| 1.000 0.200 1.000 0.200 2.718 ||| 0-0 ||| 1 1 1
i ||| ى ||| 0.500 0.167 0.500 0.167 2.718 ||| 0-0 ||| 1 1 1
i ||| ي ||| 0.500 0.167 0.500 0.167 2.718 ||| 0-0 ||| 1 1 1
i ||| _DROP_ ||| 0.167 0.500 0.167 0.500 2.718 ||| 0-0 ||| 1 1 1
j ||| ج ||| 1.000 0.333 1.000 0.333 2.718 ||| 0-0 ||| 1 1 1
k h ||| خ ||| 1.000 0.333 1.000 0.333 2.718 ||| 0-0 ||| 1 1 1
k ||| ك ||| 1.000 0.500 1.000 0.500 2.718 ||| 0-0 ||| 1 1 1
k ||| ق ||| 1.000 0.500 1.000 0.500 2.718 ||| 0-0 ||| 1 1 1
l ||| ل ||| 1.000 1.000 1.000 1.000 2.718 ||| 0-0 ||| 1 1 1
m ||| م ||| 1.000 1.000 1.000 1.000 2.718 ||| 0-0 ||| 1 1 1
n ||| ن ||| 1.000 1.000 1.000 1.000 2.718 ||| 0-0 ||| 1 1 1
nEOW ||| ن ||| 1.000 1.000 1.000 1.000 2.718 ||| 0-0 ||| 1 1 1
a nEOW ||| ا ||| 0.167 0.500 0.167 0.500 2.718 ||| 0-0 ||| 1 1 1
o o ||| و ||| 1.000 0.200 1.000 0.200 2.718 ||| 0-0 ||| 1 1 1
o o ||| _DROP_ ||| 0.167 0.500 0.167 0.500 2.718 ||| 0-0 ||| 1 1 1
o u ||| و ||| 1.000 0.200 1.000 0.200 2.718 ||| 0-0 ||| 1 1 1
o u ||| _DROP_ ||| 0.167 0.500 0.167 0.500 2.718 ||| 0-0 ||| 1 1 1
o ||| _DROP_ ||| 0.167 0.500 0.167 0.500 2.718 ||| 0-0 ||| 1 1 1
o ||| و ||| 1.000 0.200 1.000 0.200 2.718 ||| 0-0 ||| 1 1 1
p ||| ب ||| 1.000 0.500 1.000 0.500 2.718 ||| 0-0 ||| 1 1 1
q ||| ق ||| 1.000 0.200 1.000 0.200 2.718 ||| 0-0 ||| 1 1 1
r r ||| ر ||| 1.000 1.000 1.000 1.000 2.718 ||| 0-0 ||| 1 1 1
r ||| ر ||| 1.000 1.000 1.000 1.000 2.718 ||| 0-0 ||| 1 1 1
s s ||| ص ||| 1.000 0.500 1.000 0.500 2.718 ||| 0-0 ||| 1 1 1
s s ||| س ||| 1.000 0.500 1.000 0.500 2.718 ||| 0-0 ||| 1 1 1
s h ||| ش ||| 1.000 0.500 1.000 0.500 2.718 ||| 0-0 ||| 1 1 1
s ||| س ||| 0.333 1.000 0.333 1.000 2.718 ||| 0-0 ||| 1 1 1
s ||| ص ||| 0.333 0.500 0.333 0.500 2.718 ||| 0-0 ||| 1 1 1
t ' ||| ظ ||| 1.000 0.250 1.000 0.250 2.718 ||| 0-0 ||| 1 1 1
t h ||| ث ||| 0.500 0.500 0.500 0.500 2.718 ||| 0-0 ||| 1 1 1
t h ||| ذ ||| 0.500 0.333 0.500 0.333 2.718 ||| 0-0 ||| 1 1 1
t h ||| ظ ||| 1.000 0.250 1.000 0.250 2.718 ||| 0-0 ||| 1 1 0
t ||| ت ||| 0.500 1.000 0.500 1.000 2.718 ||| 0-0 ||| 1 1 1
t ||| ط ||| 0.500 0.500 0.500 0.500 2.718 ||| 0-0 ||| 1 1 1
u ||| _DROP_ ||| 0.167 0.500 0.167 0.500 2.718 ||| 0-0 ||| 1 1 1
u ||| و ||| 1.000 0.200 1.000 0.200 2.718 ||| 0-0 ||| 1 1 1
v ||| ف ||| 1.000 0.500 1.000 0.500 2.718 ||| 0-0 ||| 1 1 1
w ||| و ||| 1.000 0.200 1.000 0.200 2.718 ||| 0-0 ||| 1 1 1
y ||| ى ||| 0.500 0.167 0.500 0.167 2.718 ||| 0-0 ||| 1 1 1
y ||| ي ||| 0.500 0.167 0.500 0.167 2.718 ||| 0-0 ||| 1 1 1
z ||| ذ ||| 0.333 0.333 0.333 0.333 2.718 ||| 0-0 ||| 1 1 1
z ||| ز ||| 0.333 1.000 0.333 1.000 2.718 ||| 0-0 ||| 1 1 1
z z ||| ز ||| 0.333 1.000 0.333 1.000 2.718 ||| 0-0 ||| 1 1 1
z ||| ظ ||| 0.333 0.250 0.333 0.250 2.718 ||| 0-0 ||| 1 1 1
è ||| ا ||| 1.000 0.250 1.000 0.250 2.718 ||| 0-0 ||| 1 1 1
é ||| ا ||| 1.000 0.250 1.000 0.250 2.718 ||| 0-0 ||| 1 1 1
